[bg-bodyHome.jpg]
filters=radblur=1,0.634146,0.383775,0.649123,-0.532164;
moddate=3164cafd6517cf01
width=1000
height=921
textactive=0
